29212
22307
2766
2939
10904
19786
31431
12422
6099
16061
4159
29414
1953
3280
1742
16672
2683
12776
11219
15722
23250
23427
8294
18378
20131
25976
30606
29565
1868
6783
1204
27542
21406
24051
28248
2791
30771
8919
22787
11044
20993
21528
15997
28486
1840
4625
17727
3374
14889
26964
11307
23179
29424
26280
7803
8445
12979
11342
1016
32123
26019
27785
8556
20210
9986
27997
7513
30766
2941
31126
15595
30974
26045
25356
27948
8851
14649
31270
27767
27434
20302
7837
10287
9451
8849
19842
8880
7184
5220
20611
30086
24649
8391
29290
17374
15711
1137
23782
12601
10008
2336
910
12392
7260
27693
16419
16052
17813
4963
1045
24413
21084
1041
17225
27462
23121
20574
31770
2286
17738
28381
158
24738
32433
12385
25898
24817
30759
18451
14360
10081
16237
6593
26311
24928
11141
17017
29668
14717
25876
3927
25320
9432
19979
22171
31970
9431
3206
26366
21111
20763
15605
327
7975
15795
3961
4121
29138
4495
21649
4623
15994
24887
15605
27147
15690
8637
20674
2506
15063
18415
25048
10940
15783
26578
32128
2323
9456
26700
8531
21786
9377
7969
14167
20169
17062
26913
7530
16278
14696
4767
15332
18061
25492
9252
28536
10915
5406
26469
19035
10056
1413
14451
28840
26427
12120
30514
5124
8610
18681
11532
21118
3418
15009
15078
31928
7820
13732
9043
1868
17025
20727
17672
11113
3511
20207
6545
31421
4148
28747
19522
27288
17434
30837
15727
6734
19068
18181
17888
22749
27248
10887
20095
11727
1637
20606
4180
26978
31671
30377
4275
32743
8321
16772
11700
13416
21427
23570
20196
22157
21348
17626
3642
6080
19817
27695
27981
15248
24102
1973
27331
10067
29092
16161
3085
5392
15076
5696
12114
28060
13683
14395
14760
3586
25919
2073
30090
31784
18601
6789
13703
20144
12507
31954
3895
19485
29788
27964
17011
1335
12257
26737
8389
28336
2407
12368
2334
15879
10622
12272
19399
3501
24296
24804
2714
3175
8290
5565
26994
15347
24770
19921
8928
750
26946
30267
21792
5621
11804
15395
6987
31755
20823
21568
18125
12858
18400
23450
19738
12925
21724
13717
15773
25054
20285
2859
21489
10716
26003
20345
31316
16655
21541
28029
20569
26383
16705
798
2525
6033
13264
19820
14907
30931
22573
10794
24516
2363
1848
21130
17257
20539
17318
13111
187
5751
8603
1432
18966
26922
19578
3668
15640
27845
7932
9489
23384
17114
383
27010
31573
1849
673
18848
17837
10329
24078
15671
4752
7929
26006
23205
15219
18694
131
10462
13577
27584
13609
21172
1391
8473
28862
8022
27303
13405
364
21526
17735
12824
30373
25455
7026
12085
23479
3398
18440
2915
160
21616
10778
12989
17699
28021
26785
8873
6683
2707
7791
13824
11536
10502
613
31856
29192
17287
24551
8479
32671
3603
29581
9361
29018
7917
27
28108
17465
10470
12212
30394
24971
10972
5450
6094
19462
14465
25177
14058
8983
16477
9429
23937
28791
29463
8545
31225
29695
12272
7617
20563
25021
6800
12178
24077
17991
15877
25400
13639
1359
24841
20249
4902
9848
28547
26377
13686
25704
7505
9220
13203
12831
9797
21539
24201
10887
20333
9929
27770
7756
3480
18717
29504
13293
29973
9918
30292
19988
22206
8882
3054
11299
11830
23711
23918
30991
17774
22077
1787
15473
12654
3339
6762
25050
3154
23617
18785
19047
4242
15110
31420
7318
31111
10980
20271
18008
19755
27257
22829
25960
29473
16495
3081
2522
15605
29358
9820
1783
17316
15823
7078
17992
15967
24788
16696
20721
13964
4375
16977
833
15630
27265
8071
7814
1222
12284
15720
11558
1625
28715
18018
27883
4404
25176
25568
13215
28110
4014
4790
473
29997
7336
5823
14358
16812
18121
20932
8715
23803
27278
416
19514
3943
9633
10658
22468
13404
26959
11059
16510
14376
4412
20921
18758
8961
21077
21947
664
21834
5639
6981
8028
22802
5550
12174
3074
27870
19025
18904
31697
11176
1164
21400
24700
30247
16589
15319
32759
337
3012
6616
7304
11807
2836
25339
25377
3728
32335
14305
5101
15344
19489
3281
6441
25178
28619
12634
53
9596
23251
31546
2283
17050
7930
6271
16175
5077
29807
19692
21191
22702
28738
7838
8558
26566
32539
13808
10019
11751
30764
29851
18631
7752
23652
2082
11495
30733
5606
31597
5847
1294
19385
2995
30720
13785
7617
17566
11130
16122
23790
10154
4062
7034
5043
25295
29525
6309
29370
23135
1525
20240
30166
2609
17998
11483
21817
511
7231
30004
5863
269
5647
22812
21610
29963
31672
3438
2247
24637
11398
541
31410
27353
31457
7869
5886
9137
31335
10309
20311
13329
29759
13331
20787
2795
30121
19504
10502
17201
11481
10454
9653
18819
2053
9007
4174
1290
19133
17760
3062
1956
3451
7110
12835
2369
23419
11135
16139
12941
25292
12845
25180
31439
27304
4854
2093
7440
1025
5328
11828
26753
10332
22011
6458
28695
15074
6350
32461
23928
8116
19895
30517
27418
23936
32382
19369
18857
32082
32457
29890
29866
7340
1509
23855
14943
26072
5571
15531
31466
25213
21313
7980
25268
23665
13227
27741
9232
16590
9090
847
29724
14664
2684
15979
20200
28605
20683
29612
18139
12302
18850
17675
25426
23598
9974
21818
21129
26232
23170
13460
29375
17990
2061
6741
30357
6847
27887
15878
10424
28656
24786
25916
4799
23071
21430
31106
2903
23387
27960
14996
28573
18264
12563
24782
3019
6522
19687
17379
30487
28976
29497
22994
26328
10371
26555
8726
15595
14575
8398
20765
21845
25201
8774
20476
22313
18657
30061
25697
3245
31618
25162
5321
1720
6872
20003
7411
3934
4281
25408
1684
12239
3751
26098
14924
19837
18013
23252
7385
8829
4264
25169
3211
5424
30328
28006
21239
13090
20535
12201
24304
21298
28505
29323
23219
8948
1589
11738
29282
9043
16915
2442
24244
22651
19334
11444
2026
12534
8444
32223
21765
26644
32659
14463
31542
26513
20014
31675
24982
27762
16073
13939
27927
29488
6665
5250
18618
12056
26903
20800
32259
4338
29103
4939
29099
8417
14452
13704
6292
12170
32135
8548
30978
8824
26455
7776
19463
24511
20411
15052
21311
7392
26430
12754
14014
5357
8889
29367
32583
27118
10024
11614
190
13698
10166
2062
18656
3274
27162
25204
26162
31618
